1-入.jpg 668 288 520 518
2-入.jpg 822 386 504 504
3-入.jpg 764 382 484 484
4-入.jpg 728 372 474 474
5-入.jpg 674 292 520 520
6-入.jpg 644 422 424 424
7-入.jpg 798 380 490 490
8-入.jpg 720 328 488 488
10-入.jpg 204 38 430 430
11-入.jpg 208 50 434 434
12-入.jpg 210 26 426 426
13-入.jpg 236 50 430 430
9-入.jpg 104 22 414 414
1-出.jpg 1168 526 414 414
10-出.jpg 850 226 562 562
11-出.jpg 832 270 528 528
12-出.jpg 872 282 510 510
13-出.jpg 818 360 442 442
13-出.jpg 930 258 602 602
2-出.jpg 1168 526 414 414
3-出.jpg 786 340 540 540
4-出.jpg 768 442 500 500
5-出.jpg 868 340 598 596
6-出.jpg 900 298 504 504
7-出.jpg 920 424 518 518
8-出.jpg 850 202 604 604
9-出.jpg 800 246 514 514
